1545 580
1544 600
1544 621
1543 642
1546 662
1557 678
1573 690
1588 702
1607 710
1629 709
1653 702
1676 693
1695 680
1707 662
1714 641
1721 619
1727 597
1558 560
1568 551
1582 548
1596 551
1608 559
1641 561
1656 557
1673 558
1687 564
1699 573
1621 581
1618 593
1615 605
1612 617
1599 627
1605 631
1612 634
1621 633
1630 632
1576 579
1587 575
1598 576
1606 585
1596 586
1585 584
1644 590
1655 583
1666 585
1676 592
1665 595
1654 594
1576 650
1590 648
1602 648
1611 650
1622 650
1637 654
1656 659
1635 667
1619 669
1608 669
1599 667
1587 662
1581 651
1601 652
1611 654
1621 654
1650 659
1620 661
1610 661
1600 660
