1289 384
1293 414
1296 442
1300 471
1309 497
1325 520
1344 542
1363 563
1389 570
1416 567
1440 550
1465 531
1487 507
1500 479
1505 447
1508 414
1511 381
1302 385
1314 373
1333 373
1350 378
1367 387
1407 387
1425 380
1444 377
1463 378
1481 387
1388 407
1388 428
1388 448
1388 469
1365 471
1376 476
1388 481
1401 476
1413 471
1326 400
1337 394
1351 395
1363 406
1349 406
1336 405
1417 407
1429 398
1442 398
1454 403
1443 408
1430 408
1341 486
1360 491
1376 493
1389 495
1402 493
1421 491
1443 487
1422 512
1403 521
1389 523
1375 521
1358 510
1348 490
1376 496
1389 499
1401 496
1437 490
1402 511
1389 512
1376 510
