95 566
102 592
109 615
116 638
128 658
148 673
168 686
189 698
209 699
228 693
243 676
259 661
271 642
278 621
278 598
279 575
278 551
112 564
126 558
142 556
158 557
174 562
208 561
222 554
237 549
252 547
266 553
193 577
195 591
198 606
200 620
184 630
192 631
201 632
208 628
215 625
137 579
147 573
158 573
169 581
158 583
146 583
216 577
224 568
235 565
246 569
237 575
226 577
160 648
178 648
193 646
203 646
212 643
226 641
242 637
230 656
217 664
208 667
197 667
180 662
167 649
194 650
204 650
213 647
236 640
215 656
206 658
196 658
