477 390
474 414
472 438
472 463
479 485
493 505
510 521
528 538
550 546
572 544
594 532
616 519
634 502
644 481
649 458
653 435
657 412
498 368
510 359
526 357
542 361
556 370
596 375
612 372
628 373
642 380
649 394
574 392
572 408
571 423
569 439
546 443
555 448
565 453
576 452
586 449
517 386
528 383
539 385
549 393
537 392
526 390
595 402
606 397
617 398
627 405
616 406
605 404
516 463
534 461
551 463
564 467
576 466
591 469
604 477
589 491
572 496
559 496
546 492
530 482
521 465
550 469
563 473
575 473
598 477
574 487
561 486
548 483
