828 454
833 476
840 499
848 521
859 541
875 558
892 573
911 586
932 587
954 580
972 565
989 549
1001 529
1005 505
1004 478
1000 452
996 427
832 436
842 427
856 426
871 427
885 432
914 427
928 418
942 412
959 410
975 414
901 443
902 460
904 478
906 496
893 503
902 505
911 507
920 502
928 497
851 448
860 439
873 438
883 449
873 452
860 453
928 442
937 428
950 425
961 432
954 439
941 442
880 527
891 523
903 521
915 523
928 518
945 515
963 514
951 536
935 547
922 551
909 551
895 545
886 528
905 526
916 526
929 523
958 517
932 536
919 539
907 538
